{
 "cells": [
  {
   "cell_type": "code",
   "execution_count": 1,
   "metadata": {},
   "outputs": [],
   "source": [
    "import numpy as np\n",
    "import pandas as pd"
   ]
  },
  {
   "cell_type": "code",
   "execution_count": 2,
   "metadata": {},
   "outputs": [],
   "source": [
    "df=pd.read_csv('https://ironhack.school/asset-v1:IRONHACK+DAFT+201910_PAR+type@asset+block@IMDB-Movie-Data.csv')"
   ]
  },
  {
   "cell_type": "code",
   "execution_count": 3,
   "metadata": {},
   "outputs": [
    {
     "data": {
      "text/html": [
       "<div>\n",
       "<style scoped>\n",
       "    .dataframe tbody tr th:only-of-type {\n",
       "        vertical-align: middle;\n",
       "    }\n",
       "\n",
       "    .dataframe tbody tr th {\n",
       "        vertical-align: top;\n",
       "    }\n",
       "\n",
       "    .dataframe thead th {\n",
       "        text-align: right;\n",
       "    }\n",
       "</style>\n",
       "<table border=\"1\" class=\"dataframe\">\n",
       "  <thead>\n",
       "    <tr style=\"text-align: right;\">\n",
       "      <th></th>\n",
       "      <th>Rank</th>\n",
       "      <th>Title</th>\n",
       "      <th>Genre</th>\n",
       "      <th>Description</th>\n",
       "      <th>Director</th>\n",
       "      <th>Actors</th>\n",
       "      <th>Year</th>\n",
       "      <th>Runtime (Minutes)</th>\n",
       "      <th>Rating</th>\n",
       "      <th>Votes</th>\n",
       "      <th>Revenue (Millions)</th>\n",
       "      <th>Metascore</th>\n",
       "    </tr>\n",
       "  </thead>\n",
       "  <tbody>\n",
       "    <tr>\n",
       "      <th>0</th>\n",
       "      <td>1</td>\n",
       "      <td>Guardians of the Galaxy</td>\n",
       "      <td>Action,Adventure,Sci-Fi</td>\n",
       "      <td>A group of intergalactic criminals are forced ...</td>\n",
       "      <td>James Gunn</td>\n",
       "      <td>Chris Pratt, Vin Diesel, Bradley Cooper, Zoe S...</td>\n",
       "      <td>2014</td>\n",
       "      <td>121</td>\n",
       "      <td>8.1</td>\n",
       "      <td>757074</td>\n",
       "      <td>333.13</td>\n",
       "      <td>76.0</td>\n",
       "    </tr>\n",
       "    <tr>\n",
       "      <th>1</th>\n",
       "      <td>2</td>\n",
       "      <td>Prometheus</td>\n",
       "      <td>Adventure,Mystery,Sci-Fi</td>\n",
       "      <td>Following clues to the origin of mankind, a te...</td>\n",
       "      <td>Ridley Scott</td>\n",
       "      <td>Noomi Rapace, Logan Marshall-Green, Michael Fa...</td>\n",
       "      <td>2012</td>\n",
       "      <td>124</td>\n",
       "      <td>7.0</td>\n",
       "      <td>485820</td>\n",
       "      <td>126.46</td>\n",
       "      <td>65.0</td>\n",
       "    </tr>\n",
       "    <tr>\n",
       "      <th>2</th>\n",
       "      <td>3</td>\n",
       "      <td>Split</td>\n",
       "      <td>Horror,Thriller</td>\n",
       "      <td>Three girls are kidnapped by a man with a diag...</td>\n",
       "      <td>M. Night Shyamalan</td>\n",
       "      <td>James McAvoy, Anya Taylor-Joy, Haley Lu Richar...</td>\n",
       "      <td>2016</td>\n",
       "      <td>117</td>\n",
       "      <td>7.3</td>\n",
       "      <td>157606</td>\n",
       "      <td>138.12</td>\n",
       "      <td>62.0</td>\n",
       "    </tr>\n",
       "    <tr>\n",
       "      <th>3</th>\n",
       "      <td>4</td>\n",
       "      <td>Sing</td>\n",
       "      <td>Animation,Comedy,Family</td>\n",
       "      <td>In a city of humanoid animals, a hustling thea...</td>\n",
       "      <td>Christophe Lourdelet</td>\n",
       "      <td>Matthew McConaughey,Reese Witherspoon, Seth Ma...</td>\n",
       "      <td>2016</td>\n",
       "      <td>108</td>\n",
       "      <td>7.2</td>\n",
       "      <td>60545</td>\n",
       "      <td>270.32</td>\n",
       "      <td>59.0</td>\n",
       "    </tr>\n",
       "    <tr>\n",
       "      <th>4</th>\n",
       "      <td>5</td>\n",
       "      <td>Suicide Squad</td>\n",
       "      <td>Action,Adventure,Fantasy</td>\n",
       "      <td>A secret government agency recruits some of th...</td>\n",
       "      <td>David Ayer</td>\n",
       "      <td>Will Smith, Jared Leto, Margot Robbie, Viola D...</td>\n",
       "      <td>2016</td>\n",
       "      <td>123</td>\n",
       "      <td>6.2</td>\n",
       "      <td>393727</td>\n",
       "      <td>325.02</td>\n",
       "      <td>40.0</td>\n",
       "    </tr>\n",
       "  </tbody>\n",
       "</table>\n",
       "</div>"
      ],
      "text/plain": [
       "   Rank                    Title                     Genre  \\\n",
       "0     1  Guardians of the Galaxy   Action,Adventure,Sci-Fi   \n",
       "1     2               Prometheus  Adventure,Mystery,Sci-Fi   \n",
       "2     3                    Split           Horror,Thriller   \n",
       "3     4                     Sing   Animation,Comedy,Family   \n",
       "4     5            Suicide Squad  Action,Adventure,Fantasy   \n",
       "\n",
       "                                         Description              Director  \\\n",
       "0  A group of intergalactic criminals are forced ...            James Gunn   \n",
       "1  Following clues to the origin of mankind, a te...          Ridley Scott   \n",
       "2  Three girls are kidnapped by a man with a diag...    M. Night Shyamalan   \n",
       "3  In a city of humanoid animals, a hustling thea...  Christophe Lourdelet   \n",
       "4  A secret government agency recruits some of th...            David Ayer   \n",
       "\n",
       "                                              Actors  Year  Runtime (Minutes)  \\\n",
       "0  Chris Pratt, Vin Diesel, Bradley Cooper, Zoe S...  2014                121   \n",
       "1  Noomi Rapace, Logan Marshall-Green, Michael Fa...  2012                124   \n",
       "2  James McAvoy, Anya Taylor-Joy, Haley Lu Richar...  2016                117   \n",
       "3  Matthew McConaughey,Reese Witherspoon, Seth Ma...  2016                108   \n",
       "4  Will Smith, Jared Leto, Margot Robbie, Viola D...  2016                123   \n",
       "\n",
       "   Rating   Votes  Revenue (Millions)  Metascore  \n",
       "0     8.1  757074              333.13       76.0  \n",
       "1     7.0  485820              126.46       65.0  \n",
       "2     7.3  157606              138.12       62.0  \n",
       "3     7.2   60545              270.32       59.0  \n",
       "4     6.2  393727              325.02       40.0  "
      ]
     },
     "execution_count": 3,
     "metadata": {},
     "output_type": "execute_result"
    }
   ],
   "source": [
    "df.head()"
   ]
  },
  {
   "cell_type": "code",
   "execution_count": 4,
   "metadata": {},
   "outputs": [
    {
     "data": {
      "text/html": [
       "<div>\n",
       "<style scoped>\n",
       "    .dataframe tbody tr th:only-of-type {\n",
       "        vertical-align: middle;\n",
       "    }\n",
       "\n",
       "    .dataframe tbody tr th {\n",
       "        vertical-align: top;\n",
       "    }\n",
       "\n",
       "    .dataframe thead th {\n",
       "        text-align: right;\n",
       "    }\n",
       "</style>\n",
       "<table border=\"1\" class=\"dataframe\">\n",
       "  <thead>\n",
       "    <tr style=\"text-align: right;\">\n",
       "      <th></th>\n",
       "      <th>Rank</th>\n",
       "      <th>Year</th>\n",
       "      <th>Runtime (Minutes)</th>\n",
       "      <th>Rating</th>\n",
       "      <th>Votes</th>\n",
       "      <th>Revenue (Millions)</th>\n",
       "      <th>Metascore</th>\n",
       "    </tr>\n",
       "  </thead>\n",
       "  <tbody>\n",
       "    <tr>\n",
       "      <th>Rank</th>\n",
       "      <td>1.000000</td>\n",
       "      <td>-0.261605</td>\n",
       "      <td>-0.221739</td>\n",
       "      <td>-0.219555</td>\n",
       "      <td>-0.283876</td>\n",
       "      <td>-0.271592</td>\n",
       "      <td>-0.191869</td>\n",
       "    </tr>\n",
       "    <tr>\n",
       "      <th>Year</th>\n",
       "      <td>-0.261605</td>\n",
       "      <td>1.000000</td>\n",
       "      <td>-0.164900</td>\n",
       "      <td>-0.211219</td>\n",
       "      <td>-0.411904</td>\n",
       "      <td>-0.126790</td>\n",
       "      <td>-0.079305</td>\n",
       "    </tr>\n",
       "    <tr>\n",
       "      <th>Runtime (Minutes)</th>\n",
       "      <td>-0.221739</td>\n",
       "      <td>-0.164900</td>\n",
       "      <td>1.000000</td>\n",
       "      <td>0.392214</td>\n",
       "      <td>0.407062</td>\n",
       "      <td>0.267953</td>\n",
       "      <td>0.211978</td>\n",
       "    </tr>\n",
       "    <tr>\n",
       "      <th>Rating</th>\n",
       "      <td>-0.219555</td>\n",
       "      <td>-0.211219</td>\n",
       "      <td>0.392214</td>\n",
       "      <td>1.000000</td>\n",
       "      <td>0.511537</td>\n",
       "      <td>0.217654</td>\n",
       "      <td>0.631897</td>\n",
       "    </tr>\n",
       "    <tr>\n",
       "      <th>Votes</th>\n",
       "      <td>-0.283876</td>\n",
       "      <td>-0.411904</td>\n",
       "      <td>0.407062</td>\n",
       "      <td>0.511537</td>\n",
       "      <td>1.000000</td>\n",
       "      <td>0.639661</td>\n",
       "      <td>0.325684</td>\n",
       "    </tr>\n",
       "    <tr>\n",
       "      <th>Revenue (Millions)</th>\n",
       "      <td>-0.271592</td>\n",
       "      <td>-0.126790</td>\n",
       "      <td>0.267953</td>\n",
       "      <td>0.217654</td>\n",
       "      <td>0.639661</td>\n",
       "      <td>1.000000</td>\n",
       "      <td>0.142397</td>\n",
       "    </tr>\n",
       "    <tr>\n",
       "      <th>Metascore</th>\n",
       "      <td>-0.191869</td>\n",
       "      <td>-0.079305</td>\n",
       "      <td>0.211978</td>\n",
       "      <td>0.631897</td>\n",
       "      <td>0.325684</td>\n",
       "      <td>0.142397</td>\n",
       "      <td>1.000000</td>\n",
       "    </tr>\n",
       "  </tbody>\n",
       "</table>\n",
       "</div>"
      ],
      "text/plain": [
       "                        Rank      Year  Runtime (Minutes)    Rating     Votes  \\\n",
       "Rank                1.000000 -0.261605          -0.221739 -0.219555 -0.283876   \n",
       "Year               -0.261605  1.000000          -0.164900 -0.211219 -0.411904   \n",
       "Runtime (Minutes)  -0.221739 -0.164900           1.000000  0.392214  0.407062   \n",
       "Rating             -0.219555 -0.211219           0.392214  1.000000  0.511537   \n",
       "Votes              -0.283876 -0.411904           0.407062  0.511537  1.000000   \n",
       "Revenue (Millions) -0.271592 -0.126790           0.267953  0.217654  0.639661   \n",
       "Metascore          -0.191869 -0.079305           0.211978  0.631897  0.325684   \n",
       "\n",
       "                    Revenue (Millions)  Metascore  \n",
       "Rank                         -0.271592  -0.191869  \n",
       "Year                         -0.126790  -0.079305  \n",
       "Runtime (Minutes)             0.267953   0.211978  \n",
       "Rating                        0.217654   0.631897  \n",
       "Votes                         0.639661   0.325684  \n",
       "Revenue (Millions)            1.000000   0.142397  \n",
       "Metascore                     0.142397   1.000000  "
      ]
     },
     "execution_count": 4,
     "metadata": {},
     "output_type": "execute_result"
    }
   ],
   "source": [
    "df.corr()"
   ]
  },
  {
   "cell_type": "code",
   "execution_count": 5,
   "metadata": {},
   "outputs": [
    {
     "data": {
      "text/html": [
       "<div>\n",
       "<style scoped>\n",
       "    .dataframe tbody tr th:only-of-type {\n",
       "        vertical-align: middle;\n",
       "    }\n",
       "\n",
       "    .dataframe tbody tr th {\n",
       "        vertical-align: top;\n",
       "    }\n",
       "\n",
       "    .dataframe thead th {\n",
       "        text-align: right;\n",
       "    }\n",
       "</style>\n",
       "<table border=\"1\" class=\"dataframe\">\n",
       "  <thead>\n",
       "    <tr style=\"text-align: right;\">\n",
       "      <th></th>\n",
       "      <th>Rank</th>\n",
       "      <th>Year</th>\n",
       "      <th>Runtime (Minutes)</th>\n",
       "      <th>Rating</th>\n",
       "      <th>Votes</th>\n",
       "      <th>Revenue (Millions)</th>\n",
       "      <th>Metascore</th>\n",
       "    </tr>\n",
       "  </thead>\n",
       "  <tbody>\n",
       "    <tr>\n",
       "      <th>Rank</th>\n",
       "      <td>1.000000</td>\n",
       "      <td>-0.289760</td>\n",
       "      <td>-0.223655</td>\n",
       "      <td>-0.228584</td>\n",
       "      <td>-0.202266</td>\n",
       "      <td>-0.233246</td>\n",
       "      <td>-0.192747</td>\n",
       "    </tr>\n",
       "    <tr>\n",
       "      <th>Year</th>\n",
       "      <td>-0.289760</td>\n",
       "      <td>1.000000</td>\n",
       "      <td>-0.173570</td>\n",
       "      <td>-0.227647</td>\n",
       "      <td>-0.610024</td>\n",
       "      <td>-0.238762</td>\n",
       "      <td>-0.062607</td>\n",
       "    </tr>\n",
       "    <tr>\n",
       "      <th>Runtime (Minutes)</th>\n",
       "      <td>-0.223655</td>\n",
       "      <td>-0.173570</td>\n",
       "      <td>1.000000</td>\n",
       "      <td>0.383436</td>\n",
       "      <td>0.408226</td>\n",
       "      <td>0.247060</td>\n",
       "      <td>0.198993</td>\n",
       "    </tr>\n",
       "    <tr>\n",
       "      <th>Rating</th>\n",
       "      <td>-0.228584</td>\n",
       "      <td>-0.227647</td>\n",
       "      <td>0.383436</td>\n",
       "      <td>1.000000</td>\n",
       "      <td>0.520496</td>\n",
       "      <td>0.158990</td>\n",
       "      <td>0.664756</td>\n",
       "    </tr>\n",
       "    <tr>\n",
       "      <th>Votes</th>\n",
       "      <td>-0.202266</td>\n",
       "      <td>-0.610024</td>\n",
       "      <td>0.408226</td>\n",
       "      <td>0.520496</td>\n",
       "      <td>1.000000</td>\n",
       "      <td>0.700658</td>\n",
       "      <td>0.276072</td>\n",
       "    </tr>\n",
       "    <tr>\n",
       "      <th>Revenue (Millions)</th>\n",
       "      <td>-0.233246</td>\n",
       "      <td>-0.238762</td>\n",
       "      <td>0.247060</td>\n",
       "      <td>0.158990</td>\n",
       "      <td>0.700658</td>\n",
       "      <td>1.000000</td>\n",
       "      <td>0.053877</td>\n",
       "    </tr>\n",
       "    <tr>\n",
       "      <th>Metascore</th>\n",
       "      <td>-0.192747</td>\n",
       "      <td>-0.062607</td>\n",
       "      <td>0.198993</td>\n",
       "      <td>0.664756</td>\n",
       "      <td>0.276072</td>\n",
       "      <td>0.053877</td>\n",
       "      <td>1.000000</td>\n",
       "    </tr>\n",
       "  </tbody>\n",
       "</table>\n",
       "</div>"
      ],
      "text/plain": [
       "                        Rank      Year  Runtime (Minutes)    Rating     Votes  \\\n",
       "Rank                1.000000 -0.289760          -0.223655 -0.228584 -0.202266   \n",
       "Year               -0.289760  1.000000          -0.173570 -0.227647 -0.610024   \n",
       "Runtime (Minutes)  -0.223655 -0.173570           1.000000  0.383436  0.408226   \n",
       "Rating             -0.228584 -0.227647           0.383436  1.000000  0.520496   \n",
       "Votes              -0.202266 -0.610024           0.408226  0.520496  1.000000   \n",
       "Revenue (Millions) -0.233246 -0.238762           0.247060  0.158990  0.700658   \n",
       "Metascore          -0.192747 -0.062607           0.198993  0.664756  0.276072   \n",
       "\n",
       "                    Revenue (Millions)  Metascore  \n",
       "Rank                         -0.233246  -0.192747  \n",
       "Year                         -0.238762  -0.062607  \n",
       "Runtime (Minutes)             0.247060   0.198993  \n",
       "Rating                        0.158990   0.664756  \n",
       "Votes                         0.700658   0.276072  \n",
       "Revenue (Millions)            1.000000   0.053877  \n",
       "Metascore                     0.053877   1.000000  "
      ]
     },
     "execution_count": 5,
     "metadata": {},
     "output_type": "execute_result"
    }
   ],
   "source": [
    "df.corr(method='spearman')"
   ]
  },
  {
   "cell_type": "code",
   "execution_count": 6,
   "metadata": {},
   "outputs": [
    {
     "data": {
      "text/plain": [
       "array([[ 1.        , -0.21121876],\n",
       "       [-0.21121876,  1.        ]])"
      ]
     },
     "execution_count": 6,
     "metadata": {},
     "output_type": "execute_result"
    }
   ],
   "source": [
    "np.corrcoef(df.Year, df.Rating)"
   ]
  },
  {
   "cell_type": "code",
   "execution_count": 8,
   "metadata": {},
   "outputs": [],
   "source": [
    "import seaborn as sns"
   ]
  },
  {
   "cell_type": "code",
   "execution_count": null,
   "metadata": {},
   "outputs": [],
   "source": []
  }
 ],
 "metadata": {
  "kernelspec": {
   "display_name": "Python 3",
   "language": "python",
   "name": "python3"
  },
  "language_info": {
   "codemirror_mode": {
    "name": "ipython",
    "version": 3
   },
   "file_extension": ".py",
   "mimetype": "text/x-python",
   "name": "python",
   "nbconvert_exporter": "python",
   "pygments_lexer": "ipython3",
   "version": "3.8.5"
  }
 },
 "nbformat": 4,
 "nbformat_minor": 4
}
